101149
101204
101594
101475
100972
112254
112865
111907
101062
101535
101639
101800
115211
101795
101325
101368
100900
112507
100892
101233
101397
101583
120322
101176
101293
101210
101610
101496
101138
101508
124943
101444
101310
101802
101578
101580
101533
101164
101519
101167
101227
101812
101849
101828
101375
101806
102265
101966
102043
102068
101863
102113
102015
102067
104992
102378
102379
101920
105894
107407
102235
101930
102088
102349
102362
102108
102109
102296
102282
102294
103049
103296
103313
102733
103399
102796
103015
121568
103126
103545
102752
102822
102893
124758
102963
102524
102525
103029
103157
103106
103202
103198
116532
103574
102536
109557
103354
102702
102595
103109
115279
108969
103466
102660
121592
103302
103042
102571
103046
102885
103138
103065
102587
102583
102968
103912
103969
103736
109371
103651
103676
103879
124166
103908
103981
103770
103821
103932
103936
103682
103654
119891
103979
103715
103802
104229
104138
104153
103355
104411
104172
106858
104049
104117
104286
104059
104425
104416
104522
104452
104056
104081
104124
104361
104185
104508
104517
124209
104939
104618
105003
104593
104635
104878
104644
112717
104870
104664
104548
112487
104916
104550
104964
122337
115259
103054
100897
105119
105168
105169
105243
105174
103434
105399
113993
121535
121812
105206
105120
112498
105329
105340
105356
105512
105562
105588
105846
105824
105633
105613
105759
101322
105581
105558
105785
110488
105675
105700
102244
105800
105573
121383
105805
105696
105833
106276
106281
106203
106367
106295
106329
106119
106407
106369
105985
101530
106521
106567
106529
106566
106581
112931
102936
108185
106638
106674
106690
106595
106689
103038
103125
106744
106723
106625
107015
106891
106899
116956
106790
106780
106982
106967
106892
107010
106975
113928
107045
106808
106905
110357
104633
107141
107248
107255
107280
107318
107532
107325
107686
115247
107398
107484
107321
107652
107315
113014
107253
107244
107616
105546
108965
107676
105914
107430
111296
107704
107525
107747
107074
107544
107812
113859
107823
108173
107885
115885
108175
104560
108130
115422
108121
108166
108161
108231
107939
119846
108186
108055
108226
108220
108279
108321
108120
108573
108463
108429
108505
108529
108385
108804
108871
109036
108670
108609
109073
109182
109148
108793
109285
108893
108942
108948
113096
109224
109245
108768
109297
108910
100906
108716
108642
108861
109024
109120
108645
108649
108916
113437
109286
108970
109356
109143
109029
109348
109752
109621
109538
109543
109667
109513
112333
109088
109678
109699
109706
109476
109586
109497
110472
109942
109965
110000
110117
110152
115429
109956
110262
109901
110337
110188
110464
110510
110051
110634
109866
110490
116539
103368
103369
110460
110366
109854
110578
110684
110716
109775
103404
123079
110740
111838
110810
110945
111045
110752
111086
110991
109181
109869
111122
111285
110962
111107
101328
110972
110979
111283
111493
111469
111504
111394
111434
111512
111436
104866
111459
111628
111537
111560
111822
111814
111666
111647
111668
111861
111902
111987
112087
111953
112026
112015
123082
113119
111893
112042
111860
112011
116416
116327
112158
112339
112161
104533
103784
112169
112180
111206
112233
112888

